[{"R": [[0.11222063623437606, -0.07685832221929668, -0.9907064787861171], [0.058361806135030905, 0.995792947709162, -0.07064208998433602], [0.9919679573392526, -0.04989191916866621, 0.11623410865085326]], "R_gt": [[0.9960853393082219, 0.023092965981633566, 0.08532708677434293], [-0.02218948082232533, 0.999687387498867, -0.011521901602010587], [-0.08556648734207102, 0.009583433511110415, 0.9962863715047385]], "t": [0.7756893338137836, 0.03653712942006211, 0.630237270551878], "t_gt": [-0.03101388073532041, 0.0126835958400183, 0.016024399904021935], "R_err": 88.54114859726825, "t_err": 68.69803638734632, "info": {"refinements": 6, "iterations": 1000, "num_inliers": 6, "inlier_ratio": 0.75, "model_score": 3.1143746746535334e-06, "inliers": [], "runtime": 1.1142799630761147}, "experiment": "3p_reldepth+1"}, {"R": [[0.11222063623437606, -0.07685832221929668, -0.9907064787861171], [0.058361806135030905, 0.995792947709162, -0.07064208998433602], [0.9919679573392526, -0.04989191916866621, 0.11623410865085326]], "R_gt": [[0.9960853393082219, 0.023092965981633566, 0.08532708677434293], [-0.02218948082232533, 0.999687387498867, -0.011521901602010587], [-0.08556648734207102, 0.009583433511110415, 0.9962863715047385]], "t": [0.7756893338137836, 0.03653712942006211, 0.630237270551878], "t_gt": [-0.03101388073532041, 0.0126835958400183, 0.016024399904021935], "R_err": 88.54114859726825, "t_err": 68.69803638734632, "info": {"refinements": 6, "iterations": 1000, "num_inliers": 6, "inlier_ratio": 0.75, "model_score": 3.1143746746535334e-06, "inliers": [], "runtime": 1.034238375723362}, "experiment": "3p_reldepth+2"}, {"R": [[0.11222063623437606, -0.07685832221929668, -0.9907064787861171], [0.058361806135030905, 0.995792947709162, -0.07064208998433602], [0.9919679573392526, -0.04989191916866621, 0.11623410865085326]], "R_gt": [[0.9960853393082219, 0.023092965981633566, 0.08532708677434293], [-0.02218948082232533, 0.999687387498867, -0.011521901602010587], [-0.08556648734207102, 0.009583433511110415, 0.9962863715047385]], "t": [0.7756893338137836, 0.03653712942006211, 0.630237270551878], "t_gt": [-0.03101388073532041, 0.0126835958400183, 0.016024399904021935], "R_err": 88.54114859726825, "t_err": 68.69803638734632, "info": {"refinements": 6, "iterations": 1000, "num_inliers": 6, "inlier_ratio": 0.75, "model_score": 3.1143746746535334e-06, "inliers": [], "runtime": 1.0402994230389595}, "experiment": "3p_reldepth+6"}, {"R": [[0.11222063623437606, -0.07685832221929668, -0.9907064787861171], [0.058361806135030905, 0.995792947709162, -0.07064208998433602], [0.9919679573392526, -0.04989191916866621, 0.11623410865085326]], "R_gt": [[0.9960853393082219, 0.023092965981633566, 0.08532708677434293], [-0.02218948082232533, 0.999687387498867, -0.011521901602010587], [-0.08556648734207102, 0.009583433511110415, 0.9962863715047385]], "t": [0.7756893338137836, 0.03653712942006211, 0.630237270551878], "t_gt": [-0.03101388073532041, 0.0126835958400183, 0.016024399904021935], "R_err": 88.54114859726825, "t_err": 68.69803638734632, "info": {"refinements": 6, "iterations": 1000, "num_inliers": 6, "inlier_ratio": 0.75, "model_score": 3.1143746746535334e-06, "inliers": [], "runtime": 1.03037990629673}, "experiment": "3p_reldepth+10"}, {"R": [[0.11222063623437606, -0.07685832221929668, -0.9907064787861171], [0.058361806135030905, 0.995792947709162, -0.07064208998433602], [0.9919679573392526, -0.04989191916866621, 0.11623410865085326]], "R_gt": [[0.9960853393082219, 0.023092965981633566, 0.08532708677434293], [-0.02218948082232533, 0.999687387498867, -0.011521901602010587], [-0.08556648734207102, 0.009583433511110415, 0.9962863715047385]], "t": [0.7756893338137836, 0.03653712942006211, 0.630237270551878], "t_gt": [-0.03101388073532041, 0.0126835958400183, 0.016024399904021935], "R_err": 88.54114859726825, "t_err": 68.69803638734632, "info": {"refinements": 6, "iterations": 1000, "num_inliers": 6, "inlier_ratio": 0.75, "model_score": 3.1143746746535334e-06, "inliers": [], "runtime": 1.0314732789993286}, "experiment": "3p_reldepth+12"}, {"R": [[0.9880517976847311, -0.08468873160837856, 0.12876903288654168], [0.06129604663289299, 0.9825073399600143, 0.1758468697244146], [-0.14140876832484411, -0.16585278310375456, 0.975959227927883]], "R_gt": [[0.9960853393082219, 0.023092965981633566, 0.08532708677434293], [-0.02218948082232533, 0.999687387498867, -0.011521901602010587], [-0.08556648734207102, 0.009583433511110415, 0.9962863715047385]], "t": [-7.995180551269619, -22.378764741116363, -2.5545352580084706], "t_gt": [-0.03101388073532041, 0.0126835958400183, 0.016024399904021935], "R_err": 12.194147363227849, "t_err": 85.035889884221, "info": {"refinements": 4, "iterations": 1000, "num_inliers": 4, "inlier_ratio": 0.5, "model_score": 4.874080071542838e-06, "inliers": [], "runtime": 1.1251801624894142}, "experiment": "3p_ours_shift_scale+1"}, {"R": [[0.9880517976847311, -0.08468873160837856, 0.12876903288654168], [0.06129604663289299, 0.9825073399600143, 0.1758468697244146], [-0.14140876832484411, -0.16585278310375456, 0.975959227927883]], "R_gt": [[0.9960853393082219, 0.023092965981633566, 0.08532708677434293], [-0.02218948082232533, 0.999687387498867, -0.011521901602010587], [-0.08556648734207102, 0.009583433511110415, 0.9962863715047385]], "t": [-7.995180551269619, -22.378764741116363, -2.5545352580084706], "t_gt": [-0.03101388073532041, 0.0126835958400183, 0.016024399904021935], "R_err": 12.194147363227849, "t_err": 85.035889884221, "info": {"refinements": 4, "iterations": 1000, "num_inliers": 4, "inlier_ratio": 0.5, "model_score": 4.874080071542838e-06, "inliers": [], "runtime": 1.0852646082639694}, "experiment": "3p_ours_shift_scale+2"}, {"R": [[0.9880517976847311, -0.08468873160837856, 0.12876903288654168], [0.06129604663289299, 0.9825073399600143, 0.1758468697244146], [-0.14140876832484411, -0.16585278310375456, 0.975959227927883]], "R_gt": [[0.9960853393082219, 0.023092965981633566, 0.08532708677434293], [-0.02218948082232533, 0.999687387498867, -0.011521901602010587], [-0.08556648734207102, 0.009583433511110415, 0.9962863715047385]], "t": [-7.995180551269619, -22.378764741116363, -2.5545352580084706], "t_gt": [-0.03101388073532041, 0.0126835958400183, 0.016024399904021935], "R_err": 12.194147363227849, "t_err": 85.035889884221, "info": {"refinements": 4, "iterations": 1000, "num_inliers": 4, "inlier_ratio": 0.5, "model_score": 4.874080071542838e-06, "inliers": [], "runtime": 1.0835714638233185}, "experiment": "3p_ours_shift_scale+6"}, {"R": [[0.9880517976847311, -0.08468873160837856, 0.12876903288654168], [0.06129604663289299, 0.9825073399600143, 0.1758468697244146], [-0.14140876832484411, -0.16585278310375456, 0.975959227927883]], "R_gt": [[0.9960853393082219, 0.023092965981633566, 0.08532708677434293], [-0.02218948082232533, 0.999687387498867, -0.011521901602010587], [-0.08556648734207102, 0.009583433511110415, 0.9962863715047385]], "t": [-7.995180551269619, -22.378764741116363, -2.5545352580084706], "t_gt": [-0.03101388073532041, 0.0126835958400183, 0.016024399904021935], "R_err": 12.194147363227849, "t_err": 85.035889884221, "info": {"refinements": 4, "iterations": 1000, "num_inliers": 4, "inlier_ratio": 0.5, "model_score": 4.874080071542838e-06, "inliers": [], "runtime": 1.0774899274110794}, "experiment": "3p_ours_shift_scale+10"}, {"R": [[0.9880517976847311, -0.08468873160837856, 0.12876903288654168], [0.06129604663289299, 0.9825073399600143, 0.1758468697244146], [-0.14140876832484411, -0.16585278310375456, 0.975959227927883]], "R_gt": [[0.9960853393082219, 0.023092965981633566, 0.08532708677434293], [-0.02218948082232533, 0.999687387498867, -0.011521901602010587], [-0.08556648734207102, 0.009583433511110415, 0.9962863715047385]], "t": [-7.995180551269619, -22.378764741116363, -2.5545352580084706], "t_gt": [-0.03101388073532041, 0.0126835958400183, 0.016024399904021935], "R_err": 12.194147363227849, "t_err": 85.035889884221, "info": {"refinements": 4, "iterations": 1000, "num_inliers": 4, "inlier_ratio": 0.5, "model_score": 4.874080071542838e-06, "inliers": [], "runtime": 1.0790824890136719}, "experiment": "3p_ours_shift_scale+12"}, {"R": [[0.992450034963054, 0.017341046053122214, 0.12141752848586752], [-0.01293216171469176, 0.9992313574239206, -0.037006128332132175], [-0.1219659267796462, 0.035156542243694404, 0.9919114528234108]], "R_gt": [[0.9960853393082219, 0.023092965981633566, 0.08532708677434293], [-0.02218948082232533, 0.999687387498867, -0.011521901602010587], [-0.08556648734207102, 0.009583433511110415, 0.9962863715047385]], "t": [-3.865444698252922, 2.7507286215594737, -1.0965320470869602], "t_gt": [-0.03101388073532041, 0.0126835958400183, 0.016024399904021935], "R_err": 2.5887642311541694, "t_err": 40.65783151860836, "info": {"refinements": 6, "iterations": 1000, "num_inliers": 6, "inlier_ratio": 0.75, "model_score": 0.0010767423247789202, "inliers": [], "runtime": 1.1508185416460037}, "experiment": "3p_ours_shift_scale_reproj+1"}, {"R": [[0.992450034963054, 0.017341046053122214, 0.12141752848586752], [-0.01293216171469176, 0.9992313574239206, -0.037006128332132175], [-0.1219659267796462, 0.035156542243694404, 0.9919114528234108]], "R_gt": [[0.9960853393082219, 0.023092965981633566, 0.08532708677434293], [-0.02218948082232533, 0.999687387498867, -0.011521901602010587], [-0.08556648734207102, 0.009583433511110415, 0.9962863715047385]], "t": [-3.865444698252922, 2.7507286215594737, -1.0965320470869602], "t_gt": [-0.03101388073532041, 0.0126835958400183, 0.016024399904021935], "R_err": 2.5887642311541694, "t_err": 40.65783151860836, "info": {"refinements": 6, "iterations": 1000, "num_inliers": 6, "inlier_ratio": 0.75, "model_score": 0.0010767423247789202, "inliers": [], "runtime": 1.1170245707035065}, "experiment": "3p_ours_shift_scale_reproj+2"}, {"R": [[0.992450034963054, 0.017341046053122214, 0.12141752848586752], [-0.01293216171469176, 0.9992313574239206, -0.037006128332132175], [-0.1219659267796462, 0.035156542243694404, 0.9919114528234108]], "R_gt": [[0.9960853393082219, 0.023092965981633566, 0.08532708677434293], [-0.02218948082232533, 0.999687387498867, -0.011521901602010587], [-0.08556648734207102, 0.009583433511110415, 0.9962863715047385]], "t": [-3.865444698252922, 2.7507286215594737, -1.0965320470869602], "t_gt": [-0.03101388073532041, 0.0126835958400183, 0.016024399904021935], "R_err": 2.5887642311541694, "t_err": 40.65783151860836, "info": {"refinements": 6, "iterations": 1000, "num_inliers": 6, "inlier_ratio": 0.75, "model_score": 0.0010767423247789202, "inliers": [], "runtime": 1.1167237535119057}, "experiment": "3p_ours_shift_scale_reproj+6"}, {"R": [[0.992450034963054, 0.017341046053122214, 0.12141752848586752], [-0.01293216171469176, 0.9992313574239206, -0.037006128332132175], [-0.1219659267796462, 0.035156542243694404, 0.9919114528234108]], "R_gt": [[0.9960853393082219, 0.023092965981633566, 0.08532708677434293], [-0.02218948082232533, 0.999687387498867, -0.011521901602010587], [-0.08556648734207102, 0.009583433511110415, 0.9962863715047385]], "t": [-3.865444698252922, 2.7507286215594737, -1.0965320470869602], "t_gt": [-0.03101388073532041, 0.0126835958400183, 0.016024399904021935], "R_err": 2.5887642311541694, "t_err": 40.65783151860836, "info": {"refinements": 6, "iterations": 1000, "num_inliers": 6, "inlier_ratio": 0.75, "model_score": 0.0010767423247789202, "inliers": [], "runtime": 1.1341972276568413}, "experiment": "3p_ours_shift_scale_reproj+10"}, {"R": [[0.992450034963054, 0.017341046053122214, 0.12141752848586752], [-0.01293216171469176, 0.9992313574239206, -0.037006128332132175], [-0.1219659267796462, 0.035156542243694404, 0.9919114528234108]], "R_gt": [[0.9960853393082219, 0.023092965981633566, 0.08532708677434293], [-0.02218948082232533, 0.999687387498867, -0.011521901602010587], [-0.08556648734207102, 0.009583433511110415, 0.9962863715047385]], "t": [-3.865444698252922, 2.7507286215594737, -1.0965320470869602], "t_gt": [-0.03101388073532041, 0.0126835958400183, 0.016024399904021935], "R_err": 2.5887642311541694, "t_err": 40.65783151860836, "info": {"refinements": 6, "iterations": 1000, "num_inliers": 6, "inlier_ratio": 0.75, "model_score": 0.0010767423247789202, "inliers": [], "runtime": 1.1292174458503723}, "experiment": "3p_ours_shift_scale_reproj+12"}, {"R": [[0.9955633511152809, 0.011343242516564229, 0.09340741279642731], [-0.009501197955878268, 0.9997519886732775, -0.02014170750532226], [-0.09361271897298454, 0.01916486350165714, 0.995424214520346]], "R_gt": [[0.9960853393082219, 0.023092965981633566, 0.08532708677434293], [-0.02218948082232533, 0.999687387498867, -0.011521901602010587], [-0.08556648734207102, 0.009583433511110415, 0.9962863715047385]], "t": [-0.8387782488491043, 0.8113412544947246, -0.6591192510326844], "t_gt": [-0.03101388073532041, 0.0126835958400183, 0.016024399904021935], "R_err": 0.9892624161134272, "t_err": 58.85983658762949, "info": {"refinements": 5, "iterations": 1000, "num_inliers": 5, "inlier_ratio": 0.625, "model_score": 0.0010884408399790052, "inliers": [], "runtime": 1.1278660967946053}, "experiment": "3p_ours_shift_scale_reproj-s+1"}, {"R": [[0.9955633511152809, 0.011343242516564229, 0.09340741279642731], [-0.009501197955878268, 0.9997519886732775, -0.02014170750532226], [-0.09361271897298454, 0.01916486350165714, 0.995424214520346]], "R_gt": [[0.9960853393082219, 0.023092965981633566, 0.08532708677434293], [-0.02218948082232533, 0.999687387498867, -0.011521901602010587], [-0.08556648734207102, 0.009583433511110415, 0.9962863715047385]], "t": [-0.8387782488491043, 0.8113412544947246, -0.6591192510326844], "t_gt": [-0.03101388073532041, 0.0126835958400183, 0.016024399904021935], "R_err": 0.9892624161134272, "t_err": 58.85983658762949, "info": {"refinements": 5, "iterations": 1000, "num_inliers": 5, "inlier_ratio": 0.625, "model_score": 0.0010884408399790052, "inliers": [], "runtime": 1.101725734770298}, "experiment": "3p_ours_shift_scale_reproj-s+2"}, {"R": [[0.9955633511152809, 0.011343242516564229, 0.09340741279642731], [-0.009501197955878268, 0.9997519886732775, -0.02014170750532226], [-0.09361271897298454, 0.01916486350165714, 0.995424214520346]], "R_gt": [[0.9960853393082219, 0.023092965981633566, 0.08532708677434293], [-0.02218948082232533, 0.999687387498867, -0.011521901602010587], [-0.08556648734207102, 0.009583433511110415, 0.9962863715047385]], "t": [-0.8387782488491043, 0.8113412544947246, -0.6591192510326844], "t_gt": [-0.03101388073532041, 0.0126835958400183, 0.016024399904021935], "R_err": 0.9892624161134272, "t_err": 58.85983658762949, "info": {"refinements": 5, "iterations": 1000, "num_inliers": 5, "inlier_ratio": 0.625, "model_score": 0.0010884408399790052, "inliers": [], "runtime": 1.1036284267902374}, "experiment": "3p_ours_shift_scale_reproj-s+6"}, {"R": [[0.9955633511152809, 0.011343242516564229, 0.09340741279642731], [-0.009501197955878268, 0.9997519886732775, -0.02014170750532226], [-0.09361271897298454, 0.01916486350165714, 0.995424214520346]], "R_gt": [[0.9960853393082219, 0.023092965981633566, 0.08532708677434293], [-0.02218948082232533, 0.999687387498867, -0.011521901602010587], [-0.08556648734207102, 0.009583433511110415, 0.9962863715047385]], "t": [-0.8387782488491043, 0.8113412544947246, -0.6591192510326844], "t_gt": [-0.03101388073532041, 0.0126835958400183, 0.016024399904021935], "R_err": 0.9892624161134272, "t_err": 58.85983658762949, "info": {"refinements": 5, "iterations": 1000, "num_inliers": 5, "inlier_ratio": 0.625, "model_score": 0.0010884408399790052, "inliers": [], "runtime": 1.1054221540689468}, "experiment": "3p_ours_shift_scale_reproj-s+10"}, {"R": [[0.9955633511152809, 0.011343242516564229, 0.09340741279642731], [-0.009501197955878268, 0.9997519886732775, -0.02014170750532226], [-0.09361271897298454, 0.01916486350165714, 0.995424214520346]], "R_gt": [[0.9960853393082219, 0.023092965981633566, 0.08532708677434293], [-0.02218948082232533, 0.999687387498867, -0.011521901602010587], [-0.08556648734207102, 0.009583433511110415, 0.9962863715047385]], "t": [-0.8387782488491043, 0.8113412544947246, -0.6591192510326844], "t_gt": [-0.03101388073532041, 0.0126835958400183, 0.016024399904021935], "R_err": 0.9892624161134272, "t_err": 58.85983658762949, "info": {"refinements": 5, "iterations": 1000, "num_inliers": 5, "inlier_ratio": 0.625, "model_score": 0.0010884408399790052, "inliers": [], "runtime": 1.1352403089404106}, "experiment": "3p_ours_shift_scale_reproj-s+12"}, {"R": [[0.9880517976847311, -0.08468873160837856, 0.12876903288654168], [0.06129604663289299, 0.9825073399600143, 0.1758468697244146], [-0.14140876832484411, -0.16585278310375456, 0.975959227927883]], "R_gt": [[0.9960853393082219, 0.023092965981633566, 0.08532708677434293], [-0.02218948082232533, 0.999687387498867, -0.011521901602010587], [-0.08556648734207102, 0.009583433511110415, 0.9962863715047385]], "t": [-7.995180551269619, -22.378764741116363, -2.5545352580084706], "t_gt": [-0.03101388073532041, 0.0126835958400183, 0.016024399904021935], "R_err": 12.194147363227849, "t_err": 85.035889884221, "info": {"refinements": 4, "iterations": 1000, "num_inliers": 4, "inlier_ratio": 0.5, "model_score": 4.874080071542838e-06, "inliers": [], "runtime": 1.0857554152607918}, "experiment": "3p_ours_shift_scale_hybrid+1"}, {"R": [[0.9880517976847311, -0.08468873160837856, 0.12876903288654168], [0.06129604663289299, 0.9825073399600143, 0.1758468697244146], [-0.14140876832484411, -0.16585278310375456, 0.975959227927883]], "R_gt": [[0.9960853393082219, 0.023092965981633566, 0.08532708677434293], [-0.02218948082232533, 0.999687387498867, -0.011521901602010587], [-0.08556648734207102, 0.009583433511110415, 0.9962863715047385]], "t": [-7.995180551269619, -22.378764741116363, -2.5545352580084706], "t_gt": [-0.03101388073532041, 0.0126835958400183, 0.016024399904021935], "R_err": 12.194147363227849, "t_err": 85.035889884221, "info": {"refinements": 4, "iterations": 1000, "num_inliers": 4, "inlier_ratio": 0.5, "model_score": 4.874080071542838e-06, "inliers": [], "runtime": 1.0793935507535934}, "experiment": "3p_ours_shift_scale_hybrid+2"}, {"R": [[0.9880517976847311, -0.08468873160837856, 0.12876903288654168], [0.06129604663289299, 0.9825073399600143, 0.1758468697244146], [-0.14140876832484411, -0.16585278310375456, 0.975959227927883]], "R_gt": [[0.9960853393082219, 0.023092965981633566, 0.08532708677434293], [-0.02218948082232533, 0.999687387498867, -0.011521901602010587], [-0.08556648734207102, 0.009583433511110415, 0.9962863715047385]], "t": [-7.995180551269619, -22.378764741116363, -2.5545352580084706], "t_gt": [-0.03101388073532041, 0.0126835958400183, 0.016024399904021935], "R_err": 12.194147363227849, "t_err": 85.035889884221, "info": {"refinements": 4, "iterations": 1000, "num_inliers": 4, "inlier_ratio": 0.5, "model_score": 4.874080071542838e-06, "inliers": [], "runtime": 1.0838806629180908}, "experiment": "3p_ours_shift_scale_hybrid+6"}, {"R": [[0.9880517976847311, -0.08468873160837856, 0.12876903288654168], [0.06129604663289299, 0.9825073399600143, 0.1758468697244146], [-0.14140876832484411, -0.16585278310375456, 0.975959227927883]], "R_gt": [[0.9960853393082219, 0.023092965981633566, 0.08532708677434293], [-0.02218948082232533, 0.999687387498867, -0.011521901602010587], [-0.08556648734207102, 0.009583433511110415, 0.9962863715047385]], "t": [-7.995180551269619, -22.378764741116363, -2.5545352580084706], "t_gt": [-0.03101388073532041, 0.0126835958400183, 0.016024399904021935], "R_err": 12.194147363227849, "t_err": 85.035889884221, "info": {"refinements": 4, "iterations": 1000, "num_inliers": 4, "inlier_ratio": 0.5, "model_score": 4.874080071542838e-06, "inliers": [], "runtime": 1.0788124054670334}, "experiment": "3p_ours_shift_scale_hybrid+10"}, {"R": [[0.9880517976847311, -0.08468873160837856, 0.12876903288654168], [0.06129604663289299, 0.9825073399600143, 0.1758468697244146], [-0.14140876832484411, -0.16585278310375456, 0.975959227927883]], "R_gt": [[0.9960853393082219, 0.023092965981633566, 0.08532708677434293], [-0.02218948082232533, 0.999687387498867, -0.011521901602010587], [-0.08556648734207102, 0.009583433511110415, 0.9962863715047385]], "t": [-7.995180551269619, -22.378764741116363, -2.5545352580084706], "t_gt": [-0.03101388073532041, 0.0126835958400183, 0.016024399904021935], "R_err": 12.194147363227849, "t_err": 85.035889884221, "info": {"refinements": 4, "iterations": 1000, "num_inliers": 4, "inlier_ratio": 0.5, "model_score": 4.874080071542838e-06, "inliers": [], "runtime": 1.0769795626401901}, "experiment": "3p_ours_shift_scale_hybrid+12"}, {"R": [[0.9880517976847311, -0.08468873160837856, 0.12876903288654168], [0.06129604663289299, 0.9825073399600143, 0.1758468697244146], [-0.14140876832484411, -0.16585278310375456, 0.975959227927883]], "R_gt": [[0.9960853393082219, 0.023092965981633566, 0.08532708677434293], [-0.02218948082232533, 0.999687387498867, -0.011521901602010587], [-0.08556648734207102, 0.009583433511110415, 0.9962863715047385]], "t": [-7.995180551269619, -22.378764741116363, -2.5545352580084706], "t_gt": [-0.03101388073532041, 0.0126835958400183, 0.016024399904021935], "R_err": 12.194147363227849, "t_err": 85.035889884221, "info": {"refinements": 4, "iterations": 1000, "num_inliers": 4, "inlier_ratio": 0.5, "model_score": 4.874080071542838e-06, "inliers": [], "runtime": 1.0812673717737198}, "experiment": "3p_ours_shift_scale_hybrid-s+1"}, {"R": [[0.9880517976847311, -0.08468873160837856, 0.12876903288654168], [0.06129604663289299, 0.9825073399600143, 0.1758468697244146], [-0.14140876832484411, -0.16585278310375456, 0.975959227927883]], "R_gt": [[0.9960853393082219, 0.023092965981633566, 0.08532708677434293], [-0.02218948082232533, 0.999687387498867, -0.011521901602010587], [-0.08556648734207102, 0.009583433511110415, 0.9962863715047385]], "t": [-7.995180551269619, -22.378764741116363, -2.5545352580084706], "t_gt": [-0.03101388073532041, 0.0126835958400183, 0.016024399904021935], "R_err": 12.194147363227849, "t_err": 85.035889884221, "info": {"refinements": 4, "iterations": 1000, "num_inliers": 4, "inlier_ratio": 0.5, "model_score": 4.874080071542838e-06, "inliers": [], "runtime": 1.1375825852155685}, "experiment": "3p_ours_shift_scale_hybrid-s+2"}, {"R": [[0.9880517976847311, -0.08468873160837856, 0.12876903288654168], [0.06129604663289299, 0.9825073399600143, 0.1758468697244146], [-0.14140876832484411, -0.16585278310375456, 0.975959227927883]], "R_gt": [[0.9960853393082219, 0.023092965981633566, 0.08532708677434293], [-0.02218948082232533, 0.999687387498867, -0.011521901602010587], [-0.08556648734207102, 0.009583433511110415, 0.9962863715047385]], "t": [-7.995180551269619, -22.378764741116363, -2.5545352580084706], "t_gt": [-0.03101388073532041, 0.0126835958400183, 0.016024399904021935], "R_err": 12.194147363227849, "t_err": 85.035889884221, "info": {"refinements": 4, "iterations": 1000, "num_inliers": 4, "inlier_ratio": 0.5, "model_score": 4.874080071542838e-06, "inliers": [], "runtime": 1.082289032638073}, "experiment": "3p_ours_shift_scale_hybrid-s+6"}, {"R": [[0.9880517976847311, -0.08468873160837856, 0.12876903288654168], [0.06129604663289299, 0.9825073399600143, 0.1758468697244146], [-0.14140876832484411, -0.16585278310375456, 0.975959227927883]], "R_gt": [[0.9960853393082219, 0.023092965981633566, 0.08532708677434293], [-0.02218948082232533, 0.999687387498867, -0.011521901602010587], [-0.08556648734207102, 0.009583433511110415, 0.9962863715047385]], "t": [-7.995180551269619, -22.378764741116363, -2.5545352580084706], "t_gt": [-0.03101388073532041, 0.0126835958400183, 0.016024399904021935], "R_err": 12.194147363227849, "t_err": 85.035889884221, "info": {"refinements": 4, "iterations": 1000, "num_inliers": 4, "inlier_ratio": 0.5, "model_score": 4.874080071542838e-06, "inliers": [], "runtime": 1.0838918387889862}, "experiment": "3p_ours_shift_scale_hybrid-s+10"}, {"R": [[0.9880517976847311, -0.08468873160837856, 0.12876903288654168], [0.06129604663289299, 0.9825073399600143, 0.1758468697244146], [-0.14140876832484411, -0.16585278310375456, 0.975959227927883]], "R_gt": [[0.9960853393082219, 0.023092965981633566, 0.08532708677434293], [-0.02218948082232533, 0.999687387498867, -0.011521901602010587], [-0.08556648734207102, 0.009583433511110415, 0.9962863715047385]], "t": [-7.995180551269619, -22.378764741116363, -2.5545352580084706], "t_gt": [-0.03101388073532041, 0.0126835958400183, 0.016024399904021935], "R_err": 12.194147363227849, "t_err": 85.035889884221, "info": {"refinements": 4, "iterations": 1000, "num_inliers": 4, "inlier_ratio": 0.5, "model_score": 4.874080071542838e-06, "inliers": [], "runtime": 1.0878192260861397}, "experiment": "3p_ours_shift_scale_hybrid-s+12"}, {"R": [[0.992450034963054, 0.017341046053122214, 0.12141752848586752], [-0.01293216171469176, 0.9992313574239206, -0.037006128332132175], [-0.1219659267796462, 0.035156542243694404, 0.9919114528234108]], "R_gt": [[0.9960853393082219, 0.023092965981633566, 0.08532708677434293], [-0.02218948082232533, 0.999687387498867, -0.011521901602010587], [-0.08556648734207102, 0.009583433511110415, 0.9962863715047385]], "t": [-3.865444698252922, 2.7507286215594737, -1.0965320470869602], "t_gt": [-0.03101388073532041, 0.0126835958400183, 0.016024399904021935], "R_err": 2.5887642311541694, "t_err": 40.65783151860836, "info": {"refinements": 6, "iterations": 1000, "num_inliers": 6, "inlier_ratio": 0.75, "model_score": 0.0010767423247789202, "inliers": [], "runtime": 1.1276351287961006}, "experiment": "3p_ours_shift_scale_hybrid_reproj+1"}, {"R": [[0.992450034963054, 0.017341046053122214, 0.12141752848586752], [-0.01293216171469176, 0.9992313574239206, -0.037006128332132175], [-0.1219659267796462, 0.035156542243694404, 0.9919114528234108]], "R_gt": [[0.9960853393082219, 0.023092965981633566, 0.08532708677434293], [-0.02218948082232533, 0.999687387498867, -0.011521901602010587], [-0.08556648734207102, 0.009583433511110415, 0.9962863715047385]], "t": [-3.865444698252922, 2.7507286215594737, -1.0965320470869602], "t_gt": [-0.03101388073532041, 0.0126835958400183, 0.016024399904021935], "R_err": 2.5887642311541694, "t_err": 40.65783151860836, "info": {"refinements": 6, "iterations": 1000, "num_inliers": 6, "inlier_ratio": 0.75, "model_score": 0.0010767423247789202, "inliers": [], "runtime": 1.125500537455082}, "experiment": "3p_ours_shift_scale_hybrid_reproj+2"}, {"R": [[0.992450034963054, 0.017341046053122214, 0.12141752848586752], [-0.01293216171469176, 0.9992313574239206, -0.037006128332132175], [-0.1219659267796462, 0.035156542243694404, 0.9919114528234108]], "R_gt": [[0.9960853393082219, 0.023092965981633566, 0.08532708677434293], [-0.02218948082232533, 0.999687387498867, -0.011521901602010587], [-0.08556648734207102, 0.009583433511110415, 0.9962863715047385]], "t": [-3.865444698252922, 2.7507286215594737, -1.0965320470869602], "t_gt": [-0.03101388073532041, 0.0126835958400183, 0.016024399904021935], "R_err": 2.5887642311541694, "t_err": 40.65783151860836, "info": {"refinements": 6, "iterations": 1000, "num_inliers": 6, "inlier_ratio": 0.75, "model_score": 0.0010767423247789202, "inliers": [], "runtime": 1.1229543015360832}, "experiment": "3p_ours_shift_scale_hybrid_reproj+6"}, {"R": [[0.992450034963054, 0.017341046053122214, 0.12141752848586752], [-0.01293216171469176, 0.9992313574239206, -0.037006128332132175], [-0.1219659267796462, 0.035156542243694404, 0.9919114528234108]], "R_gt": [[0.9960853393082219, 0.023092965981633566, 0.08532708677434293], [-0.02218948082232533, 0.999687387498867, -0.011521901602010587], [-0.08556648734207102, 0.009583433511110415, 0.9962863715047385]], "t": [-3.865444698252922, 2.7507286215594737, -1.0965320470869602], "t_gt": [-0.03101388073532041, 0.0126835958400183, 0.016024399904021935], "R_err": 2.5887642311541694, "t_err": 40.65783151860836, "info": {"refinements": 6, "iterations": 1000, "num_inliers": 6, "inlier_ratio": 0.75, "model_score": 0.0010767423247789202, "inliers": [], "runtime": 1.1181263253092766}, "experiment": "3p_ours_shift_scale_hybrid_reproj+10"}, {"R": [[0.992450034963054, 0.017341046053122214, 0.12141752848586752], [-0.01293216171469176, 0.9992313574239206, -0.037006128332132175], [-0.1219659267796462, 0.035156542243694404, 0.9919114528234108]], "R_gt": [[0.9960853393082219, 0.023092965981633566, 0.08532708677434293], [-0.02218948082232533, 0.999687387498867, -0.011521901602010587], [-0.08556648734207102, 0.009583433511110415, 0.9962863715047385]], "t": [-3.865444698252922, 2.7507286215594737, -1.0965320470869602], "t_gt": [-0.03101388073532041, 0.0126835958400183, 0.016024399904021935], "R_err": 2.5887642311541694, "t_err": 40.65783151860836, "info": {"refinements": 6, "iterations": 1000, "num_inliers": 6, "inlier_ratio": 0.75, "model_score": 0.0010767423247789202, "inliers": [], "runtime": 1.1166734620928764}, "experiment": "3p_ours_shift_scale_hybrid_reproj+12"}, {"R": [[0.9955633511152809, 0.011343242516564229, 0.09340741279642731], [-0.009501197955878268, 0.9997519886732775, -0.02014170750532226], [-0.09361271897298454, 0.01916486350165714, 0.995424214520346]], "R_gt": [[0.9960853393082219, 0.023092965981633566, 0.08532708677434293], [-0.02218948082232533, 0.999687387498867, -0.011521901602010587], [-0.08556648734207102, 0.009583433511110415, 0.9962863715047385]], "t": [-0.8387782488491043, 0.8113412544947246, -0.6591192510326844], "t_gt": [-0.03101388073532041, 0.0126835958400183, 0.016024399904021935], "R_err": 0.9892624161134272, "t_err": 58.85983658762949, "info": {"refinements": 5, "iterations": 1000, "num_inliers": 5, "inlier_ratio": 0.625, "model_score": 0.0010884408399790052, "inliers": [], "runtime": 1.1024167761206627}, "experiment": "3p_ours_shift_scale_hybrid-s_reproj+1"}, {"R": [[0.9955633511152809, 0.011343242516564229, 0.09340741279642731], [-0.009501197955878268, 0.9997519886732775, -0.02014170750532226], [-0.09361271897298454, 0.01916486350165714, 0.995424214520346]], "R_gt": [[0.9960853393082219, 0.023092965981633566, 0.08532708677434293], [-0.02218948082232533, 0.999687387498867, -0.011521901602010587], [-0.08556648734207102, 0.009583433511110415, 0.9962863715047385]], "t": [-0.8387782488491043, 0.8113412544947246, -0.6591192510326844], "t_gt": [-0.03101388073532041, 0.0126835958400183, 0.016024399904021935], "R_err": 0.9892624161134272, "t_err": 58.85983658762949, "info": {"refinements": 5, "iterations": 1000, "num_inliers": 5, "inlier_ratio": 0.625, "model_score": 0.0010884408399790052, "inliers": [], "runtime": 1.1052535846829414}, "experiment": "3p_ours_shift_scale_hybrid-s_reproj+2"}, {"R": [[0.9955633511152809, 0.011343242516564229, 0.09340741279642731], [-0.009501197955878268, 0.9997519886732775, -0.02014170750532226], [-0.09361271897298454, 0.01916486350165714, 0.995424214520346]], "R_gt": [[0.9960853393082219, 0.023092965981633566, 0.08532708677434293], [-0.02218948082232533, 0.999687387498867, -0.011521901602010587], [-0.08556648734207102, 0.009583433511110415, 0.9962863715047385]], "t": [-0.8387782488491043, 0.8113412544947246, -0.6591192510326844], "t_gt": [-0.03101388073532041, 0.0126835958400183, 0.016024399904021935], "R_err": 0.9892624161134272, "t_err": 58.85983658762949, "info": {"refinements": 5, "iterations": 1000, "num_inliers": 5, "inlier_ratio": 0.625, "model_score": 0.0010884408399790052, "inliers": [], "runtime": 1.1090701445937157}, "experiment": "3p_ours_shift_scale_hybrid-s_reproj+6"}, {"R": [[0.9955633511152809, 0.011343242516564229, 0.09340741279642731], [-0.009501197955878268, 0.9997519886732775, -0.02014170750532226], [-0.09361271897298454, 0.01916486350165714, 0.995424214520346]], "R_gt": [[0.9960853393082219, 0.023092965981633566, 0.08532708677434293], [-0.02218948082232533, 0.999687387498867, -0.011521901602010587], [-0.08556648734207102, 0.009583433511110415, 0.9962863715047385]], "t": [-0.8387782488491043, 0.8113412544947246, -0.6591192510326844], "t_gt": [-0.03101388073532041, 0.0126835958400183, 0.016024399904021935], "R_err": 0.9892624161134272, "t_err": 58.85983658762949, "info": {"refinements": 5, "iterations": 1000, "num_inliers": 5, "inlier_ratio": 0.625, "model_score": 0.0010884408399790052, "inliers": [], "runtime": 1.1096606031060219}, "experiment": "3p_ours_shift_scale_hybrid-s_reproj+10"}, {"R": [[0.9955633511152809, 0.011343242516564229, 0.09340741279642731], [-0.009501197955878268, 0.9997519886732775, -0.02014170750532226], [-0.09361271897298454, 0.01916486350165714, 0.995424214520346]], "R_gt": [[0.9960853393082219, 0.023092965981633566, 0.08532708677434293], [-0.02218948082232533, 0.999687387498867, -0.011521901602010587], [-0.08556648734207102, 0.009583433511110415, 0.9962863715047385]], "t": [-0.8387782488491043, 0.8113412544947246, -0.6591192510326844], "t_gt": [-0.03101388073532041, 0.0126835958400183, 0.016024399904021935], "R_err": 0.9892624161134272, "t_err": 58.85983658762949, "info": {"refinements": 5, "iterations": 1000, "num_inliers": 5, "inlier_ratio": 0.625, "model_score": 0.0010884408399790052, "inliers": [], "runtime": 1.1006928980350494}, "experiment": "3p_ours_shift_scale_hybrid-s_reproj+12"}, {"R": [[0.9995976292199451, -0.0023433736298108772, 0.028268149177054617], [-0.0003824634397948518, 0.9953774775142651, 0.09603921583944706], [-0.028362534787679448, -0.09601138399882476, 0.9949760704474494]], "R_gt": [[0.9960853393082219, 0.023092965981633566, 0.08532708677434293], [-0.02218948082232533, 0.999687387498867, -0.011521901602010587], [-0.08556648734207102, 0.009583433511110415, 0.9962863715047385]], "t": [3.9951540575687434, -8.402479780732214, -0.8837485386050191], "t_gt": [-0.03101388073532041, 0.0126835958400183, 0.016024399904021935], "R_err": 7.0687119979974975, "t_err": 45.18888909860368, "info": {"refinements": 5, "iterations": 1000, "num_inliers": 5, "inlier_ratio": 0.625, "model_score": 0.0010374921175157388, "inliers": [], "runtime": 0.5244119092822075}, "experiment": "p3p_sym_reproj+1"}, {"R": [[0.9995976292199451, -0.0023433736298108772, 0.028268149177054617], [-0.0003824634397948518, 0.9953774775142651, 0.09603921583944706], [-0.028362534787679448, -0.09601138399882476, 0.9949760704474494]], "R_gt": [[0.9960853393082219, 0.023092965981633566, 0.08532708677434293], [-0.02218948082232533, 0.999687387498867, -0.011521901602010587], [-0.08556648734207102, 0.009583433511110415, 0.9962863715047385]], "t": [3.9951540575687434, -8.402479780732214, -0.8837485386050191], "t_gt": [-0.03101388073532041, 0.0126835958400183, 0.016024399904021935], "R_err": 7.0687119979974975, "t_err": 45.18888909860368, "info": {"refinements": 5, "iterations": 1000, "num_inliers": 5, "inlier_ratio": 0.625, "model_score": 0.0010374921175157388, "inliers": [], "runtime": 0.4957476630806923}, "experiment": "p3p_sym_reproj+2"}, {"R": [[0.9995976292199451, -0.0023433736298108772, 0.028268149177054617], [-0.0003824634397948518, 0.9953774775142651, 0.09603921583944706], [-0.028362534787679448, -0.09601138399882476, 0.9949760704474494]], "R_gt": [[0.9960853393082219, 0.023092965981633566, 0.08532708677434293], [-0.02218948082232533, 0.999687387498867, -0.011521901602010587], [-0.08556648734207102, 0.009583433511110415, 0.9962863715047385]], "t": [3.9951540575687434, -8.402479780732214, -0.8837485386050191], "t_gt": [-0.03101388073532041, 0.0126835958400183, 0.016024399904021935], "R_err": 7.0687119979974975, "t_err": 45.18888909860368, "info": {"refinements": 5, "iterations": 1000, "num_inliers": 5, "inlier_ratio": 0.625, "model_score": 0.0010374921175157388, "inliers": [], "runtime": 0.49276184290647507}, "experiment": "p3p_sym_reproj+6"}, {"R": [[0.9995976292199451, -0.0023433736298108772, 0.028268149177054617], [-0.0003824634397948518, 0.9953774775142651, 0.09603921583944706], [-0.028362534787679448, -0.09601138399882476, 0.9949760704474494]], "R_gt": [[0.9960853393082219, 0.023092965981633566, 0.08532708677434293], [-0.02218948082232533, 0.999687387498867, -0.011521901602010587], [-0.08556648734207102, 0.009583433511110415, 0.9962863715047385]], "t": [3.9951540575687434, -8.402479780732214, -0.8837485386050191], "t_gt": [-0.03101388073532041, 0.0126835958400183, 0.016024399904021935], "R_err": 7.0687119979974975, "t_err": 45.18888909860368, "info": {"refinements": 5, "iterations": 1000, "num_inliers": 5, "inlier_ratio": 0.625, "model_score": 0.0010374921175157388, "inliers": [], "runtime": 0.49498584121465683}, "experiment": "p3p_sym_reproj+10"}, {"R": [[0.9995976292199451, -0.0023433736298108772, 0.028268149177054617], [-0.0003824634397948518, 0.9953774775142651, 0.09603921583944706], [-0.028362534787679448, -0.09601138399882476, 0.9949760704474494]], "R_gt": [[0.9960853393082219, 0.023092965981633566, 0.08532708677434293], [-0.02218948082232533, 0.999687387498867, -0.011521901602010587], [-0.08556648734207102, 0.009583433511110415, 0.9962863715047385]], "t": [3.9951540575687434, -8.402479780732214, -0.8837485386050191], "t_gt": [-0.03101388073532041, 0.0126835958400183, 0.016024399904021935], "R_err": 7.0687119979974975, "t_err": 45.18888909860368, "info": {"refinements": 5, "iterations": 1000, "num_inliers": 5, "inlier_ratio": 0.625, "model_score": 0.0010374921175157388, "inliers": [], "runtime": 0.49064867198467255}, "experiment": "p3p_sym_reproj+12"}, {"R": [[0.9880517976850001, -0.08468873160734126, 0.12876903288515998], [0.06129604663279224, 0.9825073399608818, 0.17584686971960242], [-0.1414087683230084, -0.16585278309914483, 0.9759592279289323]], "R_gt": [[0.9960853393082219, 0.023092965981633566, 0.08532708677434293], [-0.02218948082232533, 0.999687387498867, -0.011521901602010587], [-0.08556648734207102, 0.009583433511110415, 0.9962863715047385]], "t": [-7.995180551350244, -22.378764741217857, -2.554535258239478], "t_gt": [-0.03101388073532041, 0.0126835958400183, 0.016024399904021935], "R_err": 12.19414736295232, "t_err": 85.03588988409032, "info": {"refinements": 4, "iterations": 1000, "num_inliers": 4, "inlier_ratio": 0.5, "model_score": 4.874080071542838e-06, "inliers": [], "runtime": 7.854420691728592}, "experiment": "mad_poselib_shift_scale+1"}, {"R": [[0.9880517976850001, -0.08468873160734126, 0.12876903288515998], [0.06129604663279224, 0.9825073399608818, 0.17584686971960242], [-0.1414087683230084, -0.16585278309914483, 0.9759592279289323]], "R_gt": [[0.9960853393082219, 0.023092965981633566, 0.08532708677434293], [-0.02218948082232533, 0.999687387498867, -0.011521901602010587], [-0.08556648734207102, 0.009583433511110415, 0.9962863715047385]], "t": [-7.995180551350244, -22.378764741217857, -2.554535258239478], "t_gt": [-0.03101388073532041, 0.0126835958400183, 0.016024399904021935], "R_err": 12.19414736295232, "t_err": 85.03588988409032, "info": {"refinements": 4, "iterations": 1000, "num_inliers": 4, "inlier_ratio": 0.5, "model_score": 4.874080071542838e-06, "inliers": [], "runtime": 7.837547920644283}, "experiment": "mad_poselib_shift_scale+2"}, {"R": [[0.9880517976850001, -0.08468873160734126, 0.12876903288515998], [0.06129604663279224, 0.9825073399608818, 0.17584686971960242], [-0.1414087683230084, -0.16585278309914483, 0.9759592279289323]], "R_gt": [[0.9960853393082219, 0.023092965981633566, 0.08532708677434293], [-0.02218948082232533, 0.999687387498867, -0.011521901602010587], [-0.08556648734207102, 0.009583433511110415, 0.9962863715047385]], "t": [-7.995180551350244, -22.378764741217857, -2.554535258239478], "t_gt": [-0.03101388073532041, 0.0126835958400183, 0.016024399904021935], "R_err": 12.19414736295232, "t_err": 85.03588988409032, "info": {"refinements": 4, "iterations": 1000, "num_inliers": 4, "inlier_ratio": 0.5, "model_score": 4.874080071542838e-06, "inliers": [], "runtime": 7.821858860552311}, "experiment": "mad_poselib_shift_scale+6"}, {"R": [[0.9880517976850001, -0.08468873160734126, 0.12876903288515998], [0.06129604663279224, 0.9825073399608818, 0.17584686971960242], [-0.1414087683230084, -0.16585278309914483, 0.9759592279289323]], "R_gt": [[0.9960853393082219, 0.023092965981633566, 0.08532708677434293], [-0.02218948082232533, 0.9996873874